190	56.65204
191	57.21391
192	57.77997
193	58.35022
194	58.92466
195	59.50329
196	60.08611
197	60.67312
198	61.26432
199	61.85972
200	62.4593
201	63.0685
202	63.67224
203	64.30416
204	64.93224
205	65.54905
206	66.16656
207	66.79771
208	67.42718
209	68.04111
210	68.6581
211	69.25035
212	69.82336
213	70.40102
214	70.94799
215	71.47918
216	72.00006
217	72.48449
218	72.9244
219	73.33315
220	73.72049
221	74.06726
222	74.37798
223	74.67452
224	74.943
225	75.18216
226	75.40152
227	75.58089
228	75.72002
229	75.84122
230	75.94964
231	76.0442
232	76.1239
233	76.20638
234	76.26902
235	76.33829
236	76.38998
237	76.41017
238	76.43761
239	76.47606
240	76.52847
241	76.58068
242	76.65891
243	76.75404
244	76.86516
245	76.99085
246	77.12254
247	77.25648
248	77.40273
249	77.55308
250	77.70744
251	77.86205
251.5	77.99842
252	78.13087
252.5	78.25295
253	78.36063
253.5	78.45031
254	78.53187
254.5	78.62405
255	78.69973
255.5	78.77551
256	78.85135
256.5	78.94044
257	79.03389
257.5	79.12199
258	79.20017
258.5	79.26955
259	79.3356
259.5	79.4037
260	79.46284
260.5	79.51783
261	79.56959
261.5	79.62243
262	79.67076
262.5	79.7144
263	79.74979
263.5	79.78942
264	79.83236
264.5	79.87899
265	79.92809
265.5	79.98143
266	80.03481
266.5	80.08034
267	80.11752
267.5	80.14431
268	80.16911
268.5	80.19884
269	80.22161
269.5	80.24798
270	80.26417
270.5	80.28517
271	80.30772
271.5	80.3385
272	80.37082
272.5	80.40647
273	80.44181
273.5	80.48753
274	80.53511
274.5	80.5732
275	80.60597
275.5	80.62774
276	80.64734
276.5	80.66723
277	80.6834
277.5	80.69976
278	80.71472
278.5	80.7289
279	80.73596
279.5	80.74881
280	80.76577
280.5	80.78738
281	80.80613
281.5	80.82773
282	80.84645
282.5	80.86666
283	80.89073
283.5	80.92401
284	80.95847
284.5	80.98792
285	81.02027
285.5	81.04621
286	81.07956
286.5	81.10892
287	81.12611
287.5	81.13794
288	81.14122
288.5	81.1482
289	81.15585
289.5	81.16891
290	81.19096
290.5	81.20939
291	81.22694
291.5	81.24071
292	81.25975
292.5	81.29165
293	81.32877
293.5	81.36858
294	81.40083
294.5	81.42619
295	81.45098
295.5	81.47413
296	81.50908
296.5	81.53334
297	81.54728
297.5	81.55435
298	81.55738
298.5	81.566
299	81.56479
299.5	81.56291
300	81.5487
300.5	81.5416
301	81.54361
301.5	81.55073
302	81.56578
302.5	81.58165
303	81.60272
303.5	81.62494
304	81.64842
304.5	81.67239
305	81.69601
305.5	81.72789
306	81.77318
306.5	81.81048
307	81.84546
307.5	81.87284
308	81.89603
308.5	81.91281
309	81.91999
309.5	81.92711
310	81.923
310.5	81.93127
311	81.94665
311.5	81.97987
312	82.02429
312.5	82.06357
313	82.10158
313.5	82.12406
314	82.13823
314.5	82.1406
315	82.14951
315.5	82.16359
316	82.16581
316.5	82.15145
317	82.13449
317.5	82.1287
318	82.13541
318.5	82.13832
319	82.13218
319.5	82.11888
320	82.09978
320.5	82.08673
321	82.0872
321.5	82.10174
322	82.11807
322.5	82.12475
323	82.12486
323.5	82.12263
324	82.13326
324.5	82.15176
325	82.1829
325.5	82.20249
326	82.2105
326.5	82.22509
327	82.24381
327.5	82.27608
328	82.30626
328.5	82.32127
329	82.32903
329.5	82.32683
330	82.32583
330.5	82.32647
331	82.32438
331.5	82.31885
332	82.31273
332.5	82.30784
333	82.31332
333.5	82.33251
334	82.37237
334.5	82.41079
335	82.44738
335.5	82.46576
336	82.48351
336.5	82.4989
337	82.50715
337.5	82.51909
338	82.53067
338.5	82.53533
339	82.53743
339.5	82.53167
340	82.5297
340.5	82.53352
341	82.53604
341.5	82.54261
342	82.5542
342.5	82.57355
343	82.5941
343.5	82.61729
344	82.64388
344.5	82.66241
345	82.67133
345.5	82.6707
346	82.66931
346.5	82.65988
347	82.64499
347.5	82.63149
348	82.62454
348.5	82.62133
349	82.62731
349.5	82.63516
350	82.64372
350.5	82.65689
351	82.66813
351.5	82.67989
352	82.69146
352.5	82.70434
353	82.72355
353.5	82.74722
354	82.77133
354.5	82.7889
355	82.79788
355.5	82.7971
356	82.78624
356.5	82.77694
357	82.77097
357.5	82.77819
358	82.80064
358.5	82.82702
359	82.84585
359.5	82.84634
360	82.83584
360.5	82.83005
361	82.82805
361.5	82.83244
362	82.83942
362.5	82.84694
363	82.85502
363.5	82.85689
364	82.86234
364.5	82.86702
365	82.87402
365.5	82.8828
366	82.8884
366.5	82.89565
367	82.91172
367.5	82.93623
368	82.96142
368.5	82.97414
369	82.97671
369.5	82.9744
370	82.97122
370.5	82.97364
371	82.98015
371.5	82.98409
372	82.98941
372.5	82.98869
373	82.98933
373.5	82.98686
374	82.98587
374.5	82.98659
375	82.98917
375.5	82.99396
376	82.99406
376.5	82.99652
377	83.00632
377.5	83.01244
378	83.01942
378.5	83.0226
379	83.0277
379.5	83.03336
380	83.03674
380.5	83.04303
381	83.0536
381.5	83.05983
382	83.06643
382.5	83.06431
383	83.06606
383.5	83.0647
384	83.06914
384.5	83.07695
385	83.09404
385.5	83.11198
386	83.13051
386.5	83.14057
387	83.14167
387.5	83.13679
388	83.1331
388.5	83.13645
389	83.15179
389.5	83.16919
390	83.17582
390.5	83.1743
391	83.16382
391.5	83.15564
392	83.14982
392.5	83.14707
393	83.15361
393.5	83.16297
394	83.17886
394.5	83.19878
395	83.21896
395.5	83.23159
396	83.24488
396.5	83.25384
397	83.25979
397.5	83.26396
398	83.26755
398.5	83.28014
399	83.29308
399.5	83.29748
400	83.2967
400.5	83.29179
401	83.29008
401.5	83.29754
402	83.31045
402.5	83.32489
403	83.33667
403.5	83.34162
404	83.34525
404.5	83.34803
405	83.34767
405.5	83.3445
406	83.33818
406.5	83.32378
407	83.30283
407.5	83.27774
408	83.25582
408.5	83.24285
409	83.23927
409.5	83.24365
410	83.25642
410.5	83.2669
411	83.28373
411.5	83.30451
412	83.32975
412.5	83.35494
413	83.37271
413.5	83.38877
414	83.40251
414.5	83.41416
415	83.42286
415.5	83.43395
416	83.4399
416.5	83.44512
417	83.44303
417.5	83.43837
418	83.42912
418.5	83.42581
419	83.42691
419.5	83.42565
420	83.4249
420.5	83.42398
421	83.43186
421.5	83.44286
422	83.45312
422.5	83.45857
423	83.46074
423.5	83.46737
424	83.47868
424.5	83.49552
425	83.51943
425.5	83.54415
426	83.55497
426.5	83.55643
427	83.54671
427.5	83.53613
428	83.52661
428.5	83.52108
429	83.50895
429.5	83.49794
430	83.49518
430.5	83.49857
431	83.50768
431.5	83.51395
432	83.51675
432.5	83.51694
433	83.52458
433.5	83.53775
434	83.55517
434.5	83.56743
435	83.57736
435.5	83.58397
436	83.58782
436.5	83.5924
437	83.59635
437.5	83.59998
438	83.60138
438.5	83.59826
439	83.59658
439.5	83.60226
440	83.61509
440.5	83.62412
441	83.62949
441.5	83.63018
442	83.63087
442.5	83.63419
443	83.64324
443.5	83.64816
444	83.64836
444.5	83.64238
445	83.64075
445.5	83.6445
446	83.64719
446.5	83.65257
447	83.65443
447.5	83.6603
448	83.66352
448.5	83.66487
449	83.66476
449.5	83.65952
450	83.65331
450.5	83.642
451	83.63506
451.5	83.63355
452	83.63542
452.5	83.64314
453	83.65391
453.5	83.66547
454	83.67876
454.5	83.69467
455	83.71395
455.5	83.73074
456	83.74362
456.5	83.75426
457	83.75749
457.5	83.76011
458	83.75903
458.5	83.75456
459	83.74788
459.5	83.73667
460	83.72621
460.5	83.71669
461	83.70966
461.5	83.70352
462	83.70225
462.5	83.70611
463	83.71603
463.5	83.72511
464	83.72977
464.5	83.72759
465	83.72387
465.5	83.71746
466	83.71259
466.5	83.70603
467	83.70197
467.5	83.70497
468	83.71307
468.5	83.72252
469	83.73465
469.5	83.74216
470	83.74925
470.5	83.75516
471	83.76395
471.5	83.77615
472	83.78903
472.5	83.79857
473	83.80895
473.5	83.81302
474	83.81555
474.5	83.81511
475	83.81901
475.5	83.82482
476	83.83053
476.5	83.8318
477	83.82895
477.5	83.82663
478	83.83023
478.5	83.83899
479	83.84394
479.5	83.83859
480	83.82972
480.5	83.82448
481	83.82295
481.5	83.8207
482	83.81236
482.5	83.80326
483	83.79627
483.5	83.79345
484	83.79805
484.5	83.80316
485	83.81259
485.5	83.82163
486	83.82744
486.5	83.83104
487	83.83272
487.5	83.84449
488	83.86356
488.5	83.8785
489	83.88754
489.5	83.89347
490	83.90429
490.5	83.91789
491	83.92541
491.5	83.92831
492	83.9233
492.5	83.91848
493	83.91451
493.5	83.91523
494	83.9165
494.5	83.91364
495	83.91347
495.5	83.91501
496	83.9134
496.5	83.9057
497	83.8912
497.5	83.88074
498	83.87291
498.5	83.86705
499	83.8614
499.5	83.85979
500	83.86161
500.5	83.86114
501	83.86242
501.5	83.86058
502	83.85801
502.5	83.85417
503	83.85295
503.5	83.85881
504	83.86617
504.5	83.87918
505	83.8948
505.5	83.90909
506	83.91967
506.5	83.92294
507	83.92474
507.5	83.9302
508	83.94207
508.5	83.95416
509	83.9586
509.5	83.96366
510	83.96515
510.5	83.96479
511	83.96448
511.5	83.96205
512	83.96185
512.5	83.95992
513	83.95621
513.5	83.95496
514	83.95427
514.5	83.9604
515	83.96708
515.5	83.96678
516	83.96511
516.5	83.96395
517	83.97028
517.5	83.98427
518	84.0059
518.5	84.02007
519	84.02625
519.5	84.02859
520	84.03213
520.5	84.03358
521	84.03421
521.5	84.03432
522	84.03315
522.5	84.02947
523	84.01876
523.5	84.01539
524	84.01643
524.5	84.02131
525	84.02603
525.5	84.0248
526	84.03036
526.5	84.04415
527	84.05877
527.5	84.0773
528	84.08696
528.5	84.08688
529	84.08211
529.5	84.08072
530	84.08682
530.5	84.09264
531	84.09711
531.5	84.1007
532	84.10587
532.5	84.1111
533	84.11533
533.5	84.12498
534	84.13235
534.5	84.13887
535	84.13885
535.5	84.13538
536	84.1328
536.5	84.13231
537	84.12881
537.5	84.1251
538	84.1194
538.5	84.11816
539	84.12078
539.5	84.13013
540	84.14375
540.5	84.14933
541	84.14671
541.5	84.14273
542	84.13954
542.5	84.13813
543	84.13552
543.5	84.13124
544	84.12315
544.5	84.10958
545	84.09262
545.5	84.07928
546	84.07298
546.5	84.06977
547	84.06858
547.5	84.06794
548	84.07099
548.5	84.07414
549	84.07791
549.5	84.0814
550	84.08751
550.5	84.08663
551	84.08577
551.5	84.09141
552	84.10226
552.5	84.11435
553	84.12193
553.5	84.12641
554	84.1297
554.5	84.13242
555	84.13586
555.5	84.13745
556	84.13779
556.5	84.13645
557	84.13378
557.5	84.13185
558	84.13316
558.5	84.14287
559	84.15585
559.5	84.16716
560	84.1749
560.5	84.17613
561	84.17942
561.5	84.18808
562	84.19688
562.5	84.20494
563	84.21209
563.5	84.22625
564	84.24581
564.5	84.26647
565	84.27831
565.5	84.28515
566	84.28949
566.5	84.29817
567	84.30427
567.5	84.3085
568	84.30709
568.5	84.30521
569	84.29478
569.5	84.27734
570	84.25711
570.5	84.23838
571	84.22359
571.5	84.20983
572	84.19919
572.5	84.195
573	84.19758
573.5	84.20855
574	84.22008
574.5	84.23288
575	84.24161
575.5	84.25305
576	84.2637
576.5	84.2739
577	84.28431
577.5	84.29314
578	84.30406
578.5	84.31471
579	84.32259
579.5	84.33051
580	84.33663
580.5	84.34022
581	84.3368
581.5	84.33105
582	84.33222
582.5	84.33863
583	84.34456
583.5	84.34275
584	84.33979
584.5	84.34002
585	84.34587
585.5	84.34925
586	84.35221
586.5	84.35515
587	84.36039
587.5	84.36383
588	84.36528
588.5	84.35856
589	84.34825
589.5	84.33586
590	84.32092
590.5	84.30542
591	84.28739
591.5	84.2788
592	84.28055
592.5	84.28517
593	84.28961
593.5	84.29169
594	84.30151
594.5	84.3142
595	84.32602
595.5	84.32232
596	84.3211
596.5	84.31719
597	84.31252
597.5	84.30919
598	84.30761
598.5	84.31023
599	84.31312
599.5	84.31591
600	84.31579
600.5	84.31753
601	84.31811
601.5	84.32475
602	84.33287
602.5	84.34034
603	84.34774
603.5	84.35108
604	84.35419
604.5	84.35289
605	84.34468
605.5	84.33341
606	84.33125
606.5	84.33288
607	84.33815
607.5	84.34482
608	84.35606
608.5	84.37223
609	84.39045
609.5	84.40332
610	84.40986
610.5	84.41365
611	84.41124
611.5	84.41136
612	84.41217
612.5	84.41055
613	84.406
613.5	84.39787
614	84.38768
614.5	84.37781
615	84.37364
615.5	84.369
616	84.36725
616.5	84.36453
617	84.36505
617.5	84.36387
618	84.36521
618.5	84.37069
619	84.3802
619.5	84.384
620	84.38635
620.5	84.38559
621	84.38885
621.5	84.3965
622	84.40529
622.5	84.40871
623	84.40478
623.5	84.40188
624	84.3983
624.5	84.40318
625	84.41153
625.5	84.41021
626	84.40754
626.5	84.40154
627	84.39917
627.5	84.39414
628	84.39016
628.5	84.38922
629	84.39242
629.5	84.39716
630	84.40866
630.5	84.41693
631	84.42955
631.5	84.43802
632	84.44916
632.5	84.45711
633	84.46433
633.5	84.47183
634	84.47551
634.5	84.47957
635	84.47578
635.5	84.46721
636	84.46022
636.5	84.45844
637	84.45851
637.5	84.45919
638	84.45892
638.5	84.45626
639	84.45436
639.5	84.45428
640	84.45823
640.5	84.46013
641	84.46431
641.5	84.47223
642	84.4883
642.5	84.5072
643	84.52292
643.5	84.52737
644	84.52438
644.5	84.52008
645	84.519
645.5	84.52461
646	84.53731
646.5	84.54905
647	84.55497
647.5	84.55489
648	84.55513
648.5	84.54926
649	84.54272
649.5	84.53559
650	84.53307
650.5	84.53627
651	84.54392
651.5	84.55215
652	84.55083
652.5	84.53965
653	84.52244
653.5	84.50183
654	84.48523
654.5	84.47473
655	84.47392
655.5	84.48067
656	84.49293
656.5	84.50303
657	84.51162
657.5	84.51606
658	84.51723
658.5	84.51153
659	84.50464
659.5	84.49477
660	84.49232
660.5	84.49313
661	84.50076
661.5	84.49901
662	84.49785
662.5	84.49747
663	84.50521
663.5	84.51065
664	84.52343
664.5	84.53944
665	84.55881
665.5	84.57611
666	84.59083
666.5	84.6011
667	84.6036
667.5	84.60138
668	84.59753
668.5	84.59266
669	84.58093
669.5	84.5646
670	84.55317
670.5	84.54604
671	84.5488
671.5	84.54746
672	84.55262
672.5	84.55002
673	84.54957
673.5	84.54624
674	84.55571
674.5	84.56661
675	84.5798
675.5	84.59297
676	84.60346
676.5	84.60893
677	84.60776
677.5	84.61115
678	84.62241
678.5	84.63399
679	84.63938
679.5	84.64153
680	84.6449
680.5	84.64802
681	84.64781
681.5	84.64012
682	84.63357
682.5	84.62531
683	84.62529
683.5	84.62546
684	84.63006
684.5	84.63246
685	84.6343
685.5	84.63044
686	84.62555
686.5	84.62082
687	84.62318
687.5	84.63438
688	84.64372
688.5	84.64813
689	84.64289
689.5	84.63582
690	84.62547
690.5	84.61965
691	84.62044
691.5	84.62621
692	84.63555
692.5	84.64231
693	84.65126
693.5	84.65817
694	84.66487
694.5	84.66922
695	84.67147
695.5	84.67393
696	84.68112
696.5	84.68459
697	84.68453
697.5	84.6754
698	84.65668
698.5	84.63527
699	84.61086
699.5	84.59118
700	84.57672
700.5	84.57158
701	84.57041
701.5	84.56692
702	84.56317
702.5	84.56383
703	84.57065
703.5	84.58304
704	84.59099
704.5	84.6009
705	84.6076
705.5	84.61454
706	84.6204
706.5	84.62038
707	84.62625
707.5	84.63511
708	84.64802
708.5	84.65713
709	84.65731
709.5	84.656
710	84.64647
710.5	84.63587
711	84.62553
711.5	84.6164
712	84.61274
712.5	84.61696
713	84.62748
713.5	84.64308
714	84.65303
714.5	84.66636
715	84.67146
715.5	84.67624
716	84.67615
716.5	84.68224
717	84.69378
717.5	84.70675
718	84.71984
718.5	84.72672
719	84.72635
719.5	84.72396
720	84.72159
720.5	84.72179
721	84.7223
721.5	84.71808
722	84.71826
722.5	84.71772
723	84.71624
723.5	84.70804
724	84.69388
724.5	84.68399
725	84.67105
725.5	84.65723
726	84.63876
726.5	84.62734
727	84.61374
727.5	84.6092
728	84.61326
728.5	84.62725
729	84.6466
729.5	84.66933
730	84.69569
730.5	84.71786
731	84.73665
731.5	84.74973
732	84.76382
732.5	84.77261
733	84.77957
733.5	84.78303
734	84.77874
734.5	84.77333
735	84.75982
735.5	84.75423
736	84.73881
736.5	84.72078
737	84.69784
737.5	84.68391
738	84.67531
738.5	84.67146
739	84.66356
739.5	84.65781
740	84.64802
740.5	84.64399
741	84.64365
741.5	84.65359
742	84.67138
742.5	84.68805
743	84.70188
743.5	84.7067
744	84.70569
744.5	84.71008
745	84.71431
745.5	84.72592
746	84.72718
746.5	84.73019
747	84.72968
747.5	84.73074
748	84.72591
748.5	84.71482
749	84.69939
749.5	84.68876
750	84.68427
750.5	84.68807
751	84.69536
751.5	84.70825
752	84.71974
752.5	84.72446
753	84.72955
753.5	84.73279
754	84.73838
754.5	84.74499
755	84.74911
755.5	84.75602
756	84.76327
756.5	84.77157
757	84.77996
757.5	84.78334
758	84.77435
758.5	84.75165
759	84.72573
759.5	84.70349
760	84.69509
760.5	84.68773
761	84.69156
761.5	84.69722
762	84.6988
762.5	84.69405
763	84.68781
763.5	84.68042
764	84.67292
764.5	84.66719
765	84.6662
765.5	84.67169
766	84.6828
766.5	84.70004
767	84.71734
767.5	84.72426
768	84.71413
768.5	84.70352
769	84.70213
769.5	84.71708
770	84.74504
770.5	84.77266
771	84.79803
771.5	84.81287
772	84.81941
772.5	84.82017
773	84.81959
773.5	84.81647
774	84.80967
774.5	84.80075
775	84.79217
775.5	84.7864
776	84.78131
776.5	84.78033
777	84.77569
777.5	84.76734
778	84.75384
778.5	84.74984
779	84.7509
779.5	84.75377
780	84.75264
780.5	84.74878
781	84.74546
781.5	84.74732
782	84.74956
782.5	84.75325
783	84.75158
783.5	84.75099
784	84.74782
784.5	84.75147
785	84.75869
785.5	84.76739
786	84.76981
786.5	84.77415
787	84.77423
787.5	84.7735
788	84.76916
788.5	84.76478
789	84.75974
789.5	84.74869
790	84.74168
790.5	84.73999
791	84.74041
791.5	84.73807
792	84.72795
792.5	84.72197
793	84.7168
793.5	84.72217
794	84.72756
794.5	84.7369
795	84.73997
795.5	84.74084
796	84.7391
796.5	84.73906
797	84.7348
797.5	84.7361
798	84.74276
798.5	84.75745
799	84.76827
799.5	84.77572
800	84.78082
800.5	84.78901
801	84.79425
801.5	84.79579
802	84.79418
802.5	84.80155
803	84.81211
803.5	84.82395
804	84.82633
804.5	84.8248
805	84.82321
805.5	84.82364
806	84.82275
806.5	84.81438
807	84.80388
807.5	84.8001
808	84.79847
808.5	84.80375
809	84.80055
809.5	84.79636
810	84.78994
810.5	84.79514
811	84.80347
811.5	84.81238
812	84.82004
812.5	84.83054
813	84.83975
813.5	84.84924
814	84.85254
814.5	84.85886
815	84.86382
815.5	84.86499
816	84.86438
816.5	84.85776
817	84.86075
817.5	84.86104
818	84.86088
818.5	84.86035
819	84.85323
819.5	84.84431
820	84.83688
820.5	84.83841
821	84.84045
821.5	84.84038
822	84.83698
822.5	84.83164
823	84.82585
823.5	84.822
824	84.80779
824.5	84.79645
825	84.77903
825.5	84.76454
826	84.75476
826.5	84.75105
827	84.74938
827.5	84.74585
828	84.74715
828.5	84.75681
829	84.76599
829.5	84.77838
830	84.79594
830.5	84.81638
831	84.83821
831.5	84.86121
832	84.88936
832.5	84.91544
833	84.94099
833.5	84.96004
834	84.96017
834.5	84.95238
835	84.92615
835.5	84.90431
836	84.8902
836.5	84.89096
837	84.8936
837.5	84.90166
838	84.9099
838.5	84.92361
839	84.92922
839.5	84.93174
840	84.92903
840.5	84.93013
841	84.93731
841.5	84.94479
842	84.95385
842.5	84.95803
843	84.9533
843.5	84.92886
844	84.88509
844.5	84.84348
845	84.81525
845.5	84.80957
846	84.82186
846.5	84.84713
847	84.88583
847.5	84.92551
848	84.95679
848.5	84.9726
849	84.9492
849.5	84.96475
850	85.00089
850.5	85.0691
851	85.09873
851.5	85.1188
852	85.14214
852.5	85.15335
852.06449	85.16595
851.86488	85.17342
853.31206	85.16629
854.11051	85.1397
854.33507	85.11091
854.93391	85.08606
855.55769	85.05106
856.15653	85.01972
856.78031	85.00251
857.80332	84.96179
858.20255	84.89215
858.62672	84.81148
858.20255	84.76547
859.84934	84.78607
860.47313	84.8276
860.5	84.86325
862.71876	84.87708
861.5	84.91012
861.69575	84.95197
861.89536	84.98481
862.29459	84.98145
863.3176	84.96432
863.74177	84.93571
864.34061	84.91467
865	84.92722
865.5	84.94225
866	84.9679
866.5	84.99804
867	85.02721
867.5	85.03531
868	85.02968
868.5	85.03987
868.85682	85.06803
869.25604	85.09489
870.47867	85.1182
870.27905	85.10333
871	85.09487
871.5	85.07919
872	85.06497
872.5	85.01807
873	84.94607
873.5	84.91048
874	84.90334
874.5	84.91949
875	84.9116
875.5	84.88765
876	84.85145
876.5	84.82127
877	84.80947
877.5	84.80781
878	84.80958
878.5	84.81629
879	84.80774
879.5	84.80592
880	84.79447
880.5	84.78711
881	84.8132
881.5	84.86223
882	84.9104
882.5	84.93972
883	84.96706
883.5	84.99224
884	85.02671
884.5	85.0426
885	85.02596
885.5	85.00352
886	84.9839
886.5	84.99466
887	85.00662
887.5	85.0114
888	84.9887
888.5	84.95829
889	84.91457
889.5	84.88724
890	84.87956
890.5	84.88971
891	84.91549
891.5	84.9396
892	84.94637
892.5	84.95485
893	84.97017
893.5	84.99579
894	85.01341
894.5	85.0293
895	85.02963
895.5	85.03129
896	85.03486
896.5	85.02576
897	85.02883
897.5	85.03062
898	85.02525
898.5	85.02244
899	85.02029
899.5	85.03799
900	85.07852
900.5	85.09807
901	85.11052
901.5	85.10736
902	85.11272
902.5	85.12606
903	85.12945
903.5	85.11937
904	85.09726
904.5	85.0862
905	85.07082
905.5	85.068
906	85.04631
906.5	85.02618
907	85.00866
907.5	84.99929
908	84.98861
908.5	84.97619
909	84.96507
909.5	84.96077
910	84.9661
910.5	84.96127
911	84.96251
911.5	84.96308
912	84.98336
912.5	85.00152
913	85.01576
913.5	85.03487
914	85.06462
914.5	85.0979
915	85.11894
915.5	85.1299
916	85.13019
916.5	85.12282
917	85.10801
917.5	85.09774
918	85.08714
918.5	85.07657
919	85.06119
919.5	85.04348
920	85.03066
920.5	85.01108
921	84.99868
921.5	84.9945
922	85.0025
922.5	85.00654
923	85.00311
923.5	85.00221
924	84.99996
924.5	84.98987
925	84.97187
925.5	84.96178
926	84.95042
926.5	84.92774
927	84.90569
927.5	84.89182
928	84.88895
928.5	84.88567
929	84.88516
929.5	84.88634
930	84.90154
930.5	84.9172
931	84.93911
931.5	84.95277
932	84.96582
932.5	84.97474
933	84.96752
933.5	84.94954
934	84.91891
934.5	84.89972
935	84.89698
935.5	84.91018
936	84.92635
936.5	84.94422
937	84.97098
937.5	85.00127
938	85.02001
938.5	85.03773
939	85.05553
939.5	85.07156
940	85.08
940.5	85.07828
941	85.07302
941.5	85.06532
942	85.05187
942.5	85.03098
943	84.99919
943.5	84.97553
944	84.96151
944.5	84.96115
945	84.96231
945.5	84.96737
946	84.97383
946.5	84.9788
947	84.98354
947.5	84.97834
948	84.97737
948.5	84.97856
949	84.98217
949.5	84.97767
950	84.9711
950.5	84.97163
951	84.97539
951.5	84.97604
952	84.97051
952.5	84.96495
953	84.96142
953.5	84.95792
954	84.95538
954.5	84.94832
955	84.95054
955.5	84.95533
956	84.96016
956.5	84.95323
957	84.9464
957.5	84.94282
958	84.95219
958.5	84.95272
959	84.95398
959.5	84.9486
960	84.94858
960.5	84.95076
961	84.95262
961.5	84.95165
962	84.94733
962.5	84.9485
963	84.95743
963.5	84.96972
964	84.99183
964.5	85.0095
965	85.0194
965.5	85.01568
966	85.00905
966.5	84.99698
967	84.99491
967.5	84.99437
968	84.99257
968.5	84.98799
969	84.99206
969.5	85.00089
970	85.01907
970.5	85.0361
971	85.05255
971.5	85.0568
972	85.05444
972.5	85.05317
973	85.04782
973.5	85.03784
974	85.02829
974.5	85.01273
975	84.99024
975.5	84.97449
976	84.95775
976.5	84.94531
977	84.93431
977.5	84.92522
978	84.92199
978.5	84.92877
979	84.94503
979.5	84.96433
980	84.98508
980.5	85.00208
981	85.01976
981.5	85.02442
982	85.02348
982.5	85.01638
983	85.01232
983.5	85.00926
984	85.00524
984.5	84.999
985	84.98917
985.5	84.98485
986	84.9804
986.5	84.97603
987	84.97338
987.5	84.97156
988	84.97184
988.5	84.97222
989	84.97222
989.5	84.96576
990	84.96755
990.5	84.97077
991	84.9729
991.5	84.97146
992	84.96733
992.5	84.96075
993	84.9576
993.5	84.95582
994	84.96109
994.5	84.97216
995	84.9872
995.5	85.00546
996	85.02321
996.5	85.03632
997	85.05256
997.5	85.065
998	85.07601
998.5	85.08047
999	85.08001
999.5	85.07844
1000	85.08235
1000.5	85.0821
1001	85.08368
1001.5	85.08385
1002	85.07893
1002.5	85.06873
1003	85.06149
1003.5	85.05644
1004	85.05434
1004.5	85.04398
1005	85.02805
1005.5	85.01408
1006	85.00478
1006.5	84.9971
1007	84.98603
1007.5	84.97601
1008	84.9647
1008.5	84.95879
1009	84.96004
1009.5	84.96735
1010	84.97672
1010.5	84.99064
1011	85.00456
1011.5	85.02354
1012	85.03847
1012.5	85.04942
1013	85.06016
1013.5	85.06494
1014	85.06856
1014.5	85.06191
1015	85.05859
1015.5	85.05762
1016	85.05588
1016.5	85.04636
1017	85.02932
1017.5	85.01267
1018	84.99763
1018.5	84.9859
1019	84.97678
1019.5	84.9652
1020	84.95158
1020.5	84.93581
1021	84.91937
1021.5	84.90849
1022	84.89223
1022.5	84.87541
1023	84.86157
1023.5	84.85602
1024	84.85412
1024.5	84.85536
1025	84.86269
1025.5	84.87311
1026	84.8831
1026.5	84.89027
1027	84.89585
1027.5	84.89922
1028	84.90302
1028.5	84.90636
1029	84.91156
1029.5	84.91067
1030	84.9055
1030.5	84.89908
1031	84.89796
1031.5	84.89941
1032	84.89844
1032.5	84.8986
1033	84.90405
1033.5	84.91348
1034	84.92182
1034.5	84.93059
1035	84.93641
1035.5	84.93863
1036	84.93677
1036.5	84.93245
1037	84.92927
1037.5	84.92601
1038	84.92518
1038.5	84.92701
1039	84.9267
1039.5	84.92434
1040	84.92536
1040.5	84.93264
1041	84.94255
1041.5	84.95267
1042	84.95991
1042.5	84.96635
1043	84.9704
1043.5	84.97004
1044	84.96481
1044.5	84.95347
1045	84.94045
1045.5	84.92742
1046	84.91753
1046.5	84.90961
1047	84.90958
1047.5	84.91066
1048	84.90958
1048.5	84.90472
1049	84.89551
1049.5	84.89071
1050	84.8901
1050.5	84.89261
1051	84.89612
1051.5	84.8976
1052	84.89303
1052.5	84.88749
1053	84.88063
1053.5	84.87234
1054	84.86154
1054.5	84.85124
1055	84.85003
1055.5	84.85606
1056	84.86777
1056.5	84.8813
1057	84.89187
1057.5	84.9004
1058	84.9034
1058.5	84.90784
1059	84.91244
1059.5	84.91849
1060	84.92037
1060.5	84.92032
1061	84.91931
1061.5	84.9147
1062	84.91189
1062.5	84.90573
1063	84.89833
1063.5	84.88762
1064	84.87936
1064.5	84.87824
1065	84.88575
1065.5	84.8948
1066	84.90127
1066.5	84.89949
1067	84.8916
1067.5	84.88492
1068	84.8766
1068.5	84.87024
1069	84.85889
1069.5	84.84962
1070	84.8381
1070.5	84.82901
1071	84.82258
1071.5	84.82019
1072	84.82064
1072.5	84.8166
1073	84.8133
1073.5	84.81458
1074	84.82357
1074.5	84.83621
1075	84.84864
1075.5	84.85611
1076	84.857
1076.5	84.85283
1077	84.84921
1077.5	84.84491
1078	84.84354
1078.5	84.84398
1079	84.84488
1079.5	84.85012
1080	84.85434
1080.5	84.85969
1081	84.86339
1081.5	84.86691
1082	84.86515
1082.5	84.86184
1083	84.85861
1083.5	84.85927
1084	84.85839
1084.5	84.85551
1085	84.84989
1085.5	84.84442
1086	84.84266
1086.5	84.84308
1087	84.84638
1087.5	84.84863
1088	84.85314
1088.5	84.85844
1089	84.86225
1089.5	84.86498
1090	84.86881
1090.5	84.86834
1091	84.86451
1091.5	84.85921
1092	84.85109
1092.5	84.84883
1093	84.84565
1093.5	84.84458
1094	84.83903
1094.5	84.83324
1095	84.82858
1095.5	84.832
1096	84.84088
1096.5	84.84681
1097	84.84895
1097.5	84.84731
1098	84.84599
1098.5	84.84512
1099	84.84276
1099.5	84.84024
1100	84.83998
1100.5	84.83606
1101	84.82889
1101.5	84.82017
1102	84.81328
1102.5	84.81128
1103	84.8083
1103.5	84.8056
1104	84.80037
1104.5	84.79774
1105	84.79921
1105.5	84.80683
1106	84.813
1106.5	84.81579
1107	84.81724
1107.5	84.81957
1108	84.8208
1108.5	84.82028
1109	84.82144
1109.5	84.82495
1110	84.82885
1110.5	84.82956
1111	84.82769
1111.5	84.8295
1112	84.83411
1112.5	84.83778
1113	84.83948
1113.5	84.83848
1114	84.83721
1114.5	84.83702
1115	84.83506
1115.5	84.83238
1116	84.82967
1116.5	84.83111
1117	84.83246
1117.5	84.82999
1118	84.82223
1118.5	84.81536
1119	84.81545
1119.5	84.81504
1120	84.81305
1120.5	84.81076
1121	84.80745
1121.5	84.8087
1122	84.81333
1122.5	84.82006
1123	84.82781
1123.5	84.83247
1124	84.83508
1124.5	84.83767
1125	84.84096
1125.5	84.8473
1126	84.85586
1126.5	84.86279
1127	84.86772
1127.5	84.86549
1128	84.8599
1128.5	84.8498
1129	84.83831
1129.5	84.82328
1130	84.81086
1130.5	84.80244
1131	84.79565
1131.5	84.79338
1132	84.79311
1132.5	84.79377
1133	84.79667
1133.5	84.79822
1134	84.80272
1134.5	84.80809
1135	84.81924
1135.5	84.82938
1136	84.83905
1136.5	84.84602
1137	84.85349
1137.5	84.85609
1138	84.85728
1138.5	84.85199
1139	84.84863
1139.5	84.8476
1140	84.85165
1140.5	84.85685
1141	84.85833
1141.5	84.85603
1142	84.85225
1142.5	84.84924
1143	84.8439
1143.5	84.83731
1144	84.82852
1144.5	84.81947
1145	84.81557
1145.5	84.81298
1146	84.81127
1146.5	84.81198
1147	84.81411
1147.5	84.81888
1148	84.8223
1148.5	84.82433
1149	84.82983
1149.5	84.83945
1150	84.85308
1150.5	84.86232
1151	84.86377
1151.5	84.8621
1152	84.86034
1152.5	84.85796
1153	84.85347
1153.5	84.84978
1154	84.84709
1154.5	84.84664
1155	84.84428
1155.5	84.84248
1156	84.83748
1156.5	84.83442
1157	84.82883
1157.5	84.82833
1158	84.82843
1158.5	84.83524
1159	84.84392
1159.5	84.85495
1160	84.86664
1160.5	84.87471
1161	84.88445
1161.5	84.89584
1162	84.90665
1162.5	84.91597
1163	84.92184
1163.5	84.92291
1164	84.92054
1164.5	84.91122
1165	84.90159
1165.5	84.88984
1166	84.87689
1166.5	84.86409
1167	84.84944
1167.5	84.83934
1168	84.83237
1168.5	84.83004
1169	84.82691
1169.5	84.8255
1170	84.82547
1170.5	84.8253
1171	84.82793
1171.5	84.82784
1172	84.83088
1172.5	84.83646
1173	84.84599
1173.5	84.85623
1174	84.86695
1174.5	84.87545
1175	84.88279
1175.5	84.88428
1176	84.88406
1176.5	84.87883
1177	84.87108
1177.5	84.86307
1178	84.85749
1178.5	84.84922
1179	84.83833
1179.5	84.82979
1180	84.82405
1180.5	84.8235
1181	84.8238
1181.5	84.82871
1182	84.83726
1182.5	84.84962
1183	84.85901
1183.5	84.86702
1184	84.87372
1184.5	84.87964
1185	84.88521
1185.5	84.89131
1186	84.90049
1186.5	84.90634
1187	84.91212
1187.5	84.91023
1188	84.9075
1188.5	84.90224
1189	84.89827
1189.5	84.89904
1190	84.9002
1190.5	84.90305
1191	84.90362
1191.5	84.90717
1192	84.9089
1192.5	84.91131
1193	84.9106
1193.5	84.91586
1194	84.92289
1194.5	84.93109
1195	84.93727
1195.5	84.93928
1196	84.9405
1196.5	84.93344
1197	84.92405
1197.5	84.91
1198	84.90095
1198.5	84.89108
1199	84.87942
1199.5	84.86893
1200	84.85774
1200.5	84.84777
1201	84.83441
1201.5	84.81952
1202	84.80604
1202.5	84.79497
1203	84.78867
1203.5	84.7855
1204	84.78469
1204.5	84.78405
1205	84.78225
1205.5	84.78074
1206	84.7809
1206.5	84.78041
1207	84.78507
1207.5	84.7927
1208	84.80088
1208.5	84.80544
1209	84.80829
1209.5	84.81039
1210	84.80814
1210.5	84.80539
1211	84.80025
1211.5	84.79812
1212	84.80065
1212.5	84.80559
1213	84.81216
1213.5	84.81682
1214	84.82142
1214.5	84.82496
1215	84.82955
1215.5	84.83264
1216	84.83307
1216.5	84.83003
1217	84.82756
1217.5	84.82411
1218	84.82163
1218.5	84.81886
1219	84.82162
1219.5	84.8227
1220	84.82111
1220.5	84.81948
1221	84.81536
1221.5	84.81218
1222	84.81114
1222.5	84.81128
1223	84.81359
1223.5	84.81758
1224	84.82327
1224.5	84.83048
1225	84.8384
1225.5	84.84266
1226	84.84305
1226.5	84.83791
1227	84.83011
1227.5	84.82344
1228	84.8171
1228.5	84.81289
1229	84.81349
1229.5	84.81001
1230	84.80603
1230.5	84.80008
1231	84.79591
1231.5	84.79659
1232	84.8024
1232.5	84.80858
1233	84.8178
1233.5	84.82631
1234	84.83444
1234.5	84.83824
1235	84.83721
1235.5	84.83163
1236	84.8313
1236.5	84.83368
1237	84.83906
1237.5	84.84189
1238	84.8384
1238.5	84.83666
1239	84.83642
1239.5	84.83652
1240	84.83607
1240.5	84.83322
1241	84.83349
1241.5	84.83268
1242	84.83321
1242.5	84.82852
1243	84.82585
1243.5	84.81914
1244	84.81285
1244.5	84.8044
1245	84.79778
1245.5	84.79707
1246	84.8056
1246.5	84.8128
1247	84.81898
1247.5	84.81734
1248	84.81559
1248.5	84.81518
1249	84.81519
1249.5	84.81375
1250	84.81005
1250.5	84.80554
1251	84.8043
1251.5	84.80484
1252	84.81055
1252.5	84.8156
1253	84.82072
1253.5	84.82441
1254	84.82844
1254.5	84.83056
1255	84.82822
1255.5	84.82711
1256	84.82446
1256.5	84.8204
1257	84.81849
1257.5	84.81659
1258	84.81956
1258.5	84.81853
1259	84.81474
1259.5	84.81008
1260	84.80749
1260.5	84.80861
1261	84.81118
1261.5	84.81507
1262	84.82153
1262.5	84.82739
1263	84.83121
1263.5	84.83695
1264	84.84042
1264.5	84.84381
1265	84.84465
1265.5	84.84881
1266	84.85289
1266.5	84.85964
1267	84.86429
1267.5	84.86683
1268	84.86756
1268.5	84.86353
1269	84.85821
1269.5	84.85301
1270	84.84609
1270.5	84.83386
1271	84.81358
1271.5	84.79779
1272	84.78743
1272.5	84.78007
1273	84.77389
1273.5	84.77084
1274	84.76941
1274.5	84.77514
1275	84.78648
1275.5	84.80237
1276	84.81825
1276.5	84.82933
1277	84.8321
1277.5	84.83449
1278	84.84058
1278.5	84.85111
1279	84.86084
1279.5	84.86506
1280	84.86212
1280.5	84.85468
1281	84.84709
1281.5	84.84855
1282	84.85106
1282.5	84.85339
1283	84.85443
1283.5	84.85846
1284	84.86295
1284.5	84.87056
1285	84.8768
1285.5	84.88026
1286	84.88152
1286.5	84.88228
1287	84.88559
1287.5	84.89129
1288	84.89974
1288.5	84.90674
1289	84.90686
1289.5	84.90199
1290	84.89289
1290.5	84.88754
1291	84.8811
1291.5	84.87497
1292	84.86523
1292.5	84.85691
1293	84.85476
1293.5	84.85567
1294	84.85569
1294.5	84.85524
1295	84.85607
1295.5	84.86175
1296	84.87231
1296.5	84.88468
1297	84.89692
1297.5	84.90363
1298	84.91058
1298.5	84.91518
1299	84.9159
1299.5	84.91521
1300	84.91111
1300.5	84.90479
1301	84.89374
1301.5	84.88058
1302	84.86916
1302.5	84.86295
1303	84.86455
1303.5	84.86704
1304	84.86776
1304.5	84.87068
1305	84.87636
1305.5	84.88632
1306	84.89185
1306.5	84.89658
1307	84.8983
1307.5	84.89831
1308	84.89898
1308.5	84.89806
1309	84.89686
1309.5	84.89487
1310	84.88943
1310.5	84.88448
1311	84.88192
1311.5	84.88128
1312	84.88492
1312.5	84.88897
1313	84.89524
1313.5	84.90009
1314	84.90324
1314.5	84.90729
1315	84.90942
1315.5	84.90911
1316	84.90208
1316.5	84.89905
1317	84.89527
1317.5	84.89536
1318	84.89711
1318.5	84.89995
1319	84.90234
1319.5	84.90289
1320	84.90132
1320.5	84.90078
1321	84.89703
1321.5	84.89459
1322	84.8888
1322.5	84.88538
1323	84.88604
1323.5	84.89202
1324	84.89672
1324.5	84.90136
1325	84.90321
1325.5	84.90406
1326	84.90454
1326.5	84.91233
1327	84.92367
1327.5	84.9373
1328	84.94592
1328.5	84.9518
1329	84.95413
1329.5	84.95408
1330	84.94701
1330.5	84.93373
1331	84.91613
1331.5	84.90081
1332	84.88753
1332.5	84.8799
1333	84.87679
1333.5	84.87367
1334	84.86611
1334.5	84.85775
1335	84.84866
1335.5	84.84215
1336	84.83943
1336.5	84.84234
1337	84.84445
1337.5	84.84499
1338	84.84475
1338.5	84.84927
1339	84.85467
1339.5	84.86029
1340	84.8619
1340.5	84.86423
1341	84.86649
1341.5	84.87248
1342	84.87656
1342.5	84.88292
1343	84.89051
1343.5	84.89496
1344	84.89639
1344.5	84.89896
1345	84.90341
1345.5	84.90889
1346	84.91434
1346.5	84.91835
1347	84.92196
1347.5	84.92727
1348	84.93296
1348.5	84.93736
1349	84.93804
1349.5	84.93868
1350	84.938
1350.5	84.93824
1351	84.93792
1351.5	84.93758
1352	84.93441
1352.5	84.93066
1353	84.92748
1353.5	84.92318
1354	84.92178
1354.5	84.92365
1355	84.92554
1355.5	84.92631
1356	84.92738
1356.5	84.92781
1357	84.92736
1357.5	84.92387
1358	84.91734
1358.5	84.90939
1359	84.90042
1359.5	84.89637
1360	84.89305
1360.5	84.88931
1361	84.88276
1361.5	84.87828
1362	84.87419
1362.5	84.87177
1363	84.87157
1363.5	84.87051
1364	84.87267
1364.5	84.87532
1365	84.87791
1365.5	84.88036
1366	84.88281
1366.5	84.88294
1367	84.88313
1367.5	84.88279
1368	84.88503
1368.5	84.88828
1369	84.893
1369.5	84.89996
1370	84.90771
1370.5	84.91322
1371	84.91933
1371.5	84.92665
1372	84.93092
1372.5	84.93483
1373	84.93063
1373.5	84.92871
1374	84.92498
1374.5	84.92454
1375	84.92095
1375.5	84.91388
1376	84.90112
1376.5	84.88858
1377	84.87753
1377.5	84.86776
1378	84.86331
1378.5	84.86009
1379	84.8619
1379.5	84.8658
1380	84.87097
1380.5	84.87355
1381	84.87461
1381.5	84.87777
1382	84.88167
1382.5	84.88622
1383	84.88458
1383.5	84.88466
1384	84.88568
1384.5	84.89272
1385	84.89964
1385.5	84.9056
1386	84.90797
1386.5	84.91373
1387	84.92236
1387.5	84.92993
1388	84.9393
1388.5	84.94536
1389	84.95327
1389.5	84.95826
1390	84.95882
1390.5	84.9565
1391	84.953
1391.5	84.94937
1392	84.94256
1392.5	84.93163
1393	84.91885
1393.5	84.90842
1394	84.90273
1394.5	84.90054
1395	84.89798
1395.5	84.89172
1396	84.88311
1396.5	84.87763
1397	84.87101
1397.5	84.86387
1398	84.85989
1398.5	84.85954
1399	84.8629
1399.5	84.86257
1400	84.86061
1400.5	84.86049
1401	84.86868
1401.5	84.88099
1402	84.90006
1402.5	84.91811
1403	84.93658
1403.5	84.95081
1404	84.96081
1404.5	84.96689
1405	84.96924
1405.5	84.96764
1406	84.96651
1406.5	84.96418
1407	84.95769
1407.5	84.9513
1408	84.94326
1408.5	84.93756
1409	84.93107
1409.5	84.92206
1410	84.91391
1410.5	84.90776
1411	84.90702
1411.5	84.907
1412	84.91061
1412.5	84.91004
1413	84.90711
1413.5	84.90285
1414	84.89684
1414.5	84.89507
1415	84.89596
1415.5	84.89751
1416	84.89735
1416.5	84.89656
1417	84.8941
1417.5	84.89213
1418	84.8903
1418.5	84.89237
1419	84.89553
1419.5	84.89774
1420	84.89515
1420.5	84.8918
1421	84.88819
1421.5	84.8878
1422	84.88765
1422.5	84.88731
1423	84.88765
1423.5	84.89176
1424	84.90052
1424.5	84.91243
1425	84.92404
1425.5	84.93367
1426	84.93463
1426.5	84.93694
1427	84.93688
1427.5	84.93759
1428	84.93865
1428.5	84.94036
1429	84.94163
1429.5	84.93846
1430	84.9309
1430.5	84.92281
1431	84.91873
1431.5	84.91535
1432	84.91586
1432.5	84.91834
1433	84.92687
1433.5	84.93911
1434	84.95283
1434.5	84.96288
1435	84.97164
1435.5	84.97742
1436	84.9772
1436.5	84.97901
1437	84.97644
1437.5	84.9757
1438	84.97671
1438.5	84.97731
1439	84.97408
1439.5	84.96616
1440	84.95492
1440.5	84.94624
1441	84.94016
1441.5	84.9344
1442	84.93235
1442.5	84.93034
1443	84.93058
1443.5	84.92643
1444	84.92214
1444.5	84.91916
1445	84.92014
1445.5	84.92187
1446	84.922
1446.5	84.92175
1447	84.91868
1447.5	84.92204
1448	84.92703
1448.5	84.93201
1449	84.93172
1449.5	84.92908
1450	84.92339
1450.5	84.9245
1451	84.92789
1451.5	84.93307
1452	84.93655
1452.5	84.93968
1453	84.94415
1453.5	84.94639
1454	84.9472
1454.5	84.94544
1455	84.94009
1455.5	84.93549
1456	84.93518
1456.5	84.93686
1457	84.93675
1457.5	84.93816
1458	84.93973
1458.5	84.94053
1459	84.93779
1459.5	84.93475
1460	84.93199
1460.5	84.93604
1461	84.94181
1461.5	84.94677
1462	84.95061
1462.5	84.95443
1463	84.95939
1463.5	84.95856
1464	84.95701
1464.5	84.95451
1465	84.95259
1465.5	84.95568
1466	84.95788
1466.5	84.95717
1467	84.95068
1467.5	84.94632
1468	84.94569
1468.5	84.94635
1469	84.94811
1469.5	84.94847
1470	84.94721
1470.5	84.94606
1471	84.94339
1471.5	84.94053
1472	84.93827
1472.5	84.94025
1473	84.94295
1473.5	84.94621
1474	84.94985
1474.5	84.95081
1475	84.94934
1475.5	84.94622
1476	84.94304
1476.5	84.94234
1477	84.94575
1477.5	84.95512
1478	84.96345
1478.5	84.9689
1479	84.97211
1479.5	84.97203
1480	84.97216
1480.5	84.97219
1481	84.97267
1481.5	84.97469
1482	84.97704
1482.5	84.98227
1483	84.98808
1483.5	84.99643
1484	85.00234
1484.5	85.00602
1485	85.006
1485.5	85.00652
1486	85.00721
1486.5	85.00469
1487	85.00106
1487.5	84.99638
1488	84.98941
1488.5	84.98124
1489	84.97437
1489.5	84.96712
1490	84.96438
1490.5	84.96079
1491	84.95753
1491.5	84.95503
1492	84.95597
1492.5	84.96266
1493	84.96879
1493.5	84.97213
1494	84.97103
1494.5	84.96864
1495	84.96494
1495.5	84.96215
1496	84.95859
1496.5	84.95425
1497	84.94914
1497.5	84.94325
1498	84.93659
1498.5	84.92915
1499	84.92094
1499.5	84.91195
1500	84.90219