1500.0000	83.9312
1499.0000	83.9438
1498.0000	83.9632
1497.0000	83.9673
1496.0000	83.9668
1495.0000	83.9694
1494.0000	83.9799
1493.0000	83.9974
1492.0000	84.011
1491.0000	84.0189
1490.0000	84.0282
1489.0000	84.0386
1488.0000	84.0431
1487.0000	84.0415
1486.0000	84.0412
1485.0000	84.0493
1484.0000	84.0669
1483.0000	84.0824
1482.0000	84.0897
1481.0000	84.0905
1480.0000	84.0935
1479.0000	84.1015
1478.0000	84.1072
1477.0000	84.1155
1476.0000	84.1276
1475.0000	84.1449
1474.0000	84.1601
1473.0000	84.1689
1472.0000	84.1647
1471.0000	84.1682
1470.0000	84.1769
1469.0000	84.1915
1468.0000	84.2035
1467.0000	84.2134
1466.0000	84.2266
1465.0000	84.2408
1464.0000	84.2486
1463.0000	84.2506
1462.0000	84.2494
1461.0000	84.2619
1460.0000	84.2794
1459.0000	84.2984
1458.0000	84.3077
1457.0000	84.3187
1456.0000	84.3305
1455.0000	84.3408
1454.0000	84.3449
1453.0000	84.352
1452.0000	84.358
1451.0000	84.3765
1450.0000	84.3967
1449.0000	84.4107
1448.0000	84.4102
1447.0000	84.4155
1446.0000	84.4268
1445.0000	84.4307
1444.0000	84.439
1443.0000	84.4487
1442.0000	84.4649
1441.0000	84.4837
1440.0000	84.4908
1439.0000	84.4968
1438.0000	84.5002
1437.0000	84.5087
1436.0000	84.5247
1435.0000	84.5382
1434.0000	84.5529
1433.0000	84.5612
1432.0000	84.5793
1431.0000	84.5857
1430.0000	84.5867
1429.0000	84.5901
1428.0000	84.6005
1427.0000	84.6205
1426.0000	84.6353
1425.0000	84.6415
1424.0000	84.6498
1423.0000	84.6618
1422.0000	84.6725
1421.0000	84.6764
1420.0000	84.6827
1419.0000	84.6955
1418.0000	84.7192
1417.0000	84.7365
1416.0000	84.7436
1415.0000	84.7443
1414.0000	84.7474
1413.0000	84.7595
1412.0000	84.7738
1411.0000	84.7851
1410.0000	84.7934
1409.0000	84.8085
1408.0000	84.8295
1407.0000	84.8408
1406.0000	84.8366
1405.0000	84.8415
1404.0000	84.8589
1403.0000	84.8798
1402.0000	84.8975
1401.0000	84.9106
1400.0000	84.9222
1399.0000	84.9343
1398.0000	84.9469
1397.0000	84.9532
1396.0000	84.9569
1395.0000	84.9651
1394.0000	84.9881
1393.0000	85.0056
1392.0000	85.0077
1391.0000	85.0066
1390.0000	85.0104
1389.0000	85.0303
1388.0000	85.0487
1387.0000	85.0661
1386.0000	85.094
1385.0000	85.1191
1384.0000	85.1529
1383.0000	85.1764
1382.0000	85.1901
1381.0000	85.1943
1380.0000	85.2171
1379.0000	85.2413
1378.0000	85.2598
1377.0000	85.2731
1376.0000	85.2794
1375.0000	85.2936
1374.0000	85.2981
1373.0000	85.2924
1372.0000	85.2984
1371.0000	85.3088
1370.0000	85.3298
1369.0000	85.3538
1368.0000	85.3744
1367.0000	85.386
1366.0000	85.4021
1365.0000	85.4281
1364.0000	85.4526
1363.0000	85.4686
1362.0000	85.4795
1361.0000	85.503
1360.0000	85.5281
1359.0000	85.5401
1358.0000	85.5438
1357.0000	85.5474
1356.0000	85.5606
1355.0000	85.5812
1354.0000	85.601
1353.0000	85.612
1352.0000	85.6179
1351.0000	85.63
1350.0000	85.642
1349.0000	85.6563
1348.0000	85.6611
1347.0000	85.6766
1346.0000	85.6988
1345.0000	85.7185
1344.0000	85.7295
1343.0000	85.7338
1342.0000	85.7431
1341.0000	85.7587
1340.0000	85.778
1339.0000	85.7949
1338.0000	85.8102
1337.0000	85.8322
1336.0000	85.8493
1335.0000	85.867
1334.0000	85.8759
1333.0000	85.8844
1332.0000	85.9048
1331.0000	85.9317
1330.0000	85.9596
1329.0000	85.9777
1328.0000	85.992
1327.0000	86.0049
1326.0000	86.0212
1325.0000	86.0383
1324.0000	86.0494
1323.0000	86.0653
1322.0000	86.0907
1321.0000	86.1153
1320.0000	86.1363
1319.0000	86.1501
1318.0000	86.16
1317.0000	86.1762
1316.0000	86.1943
1315.0000	86.2082
1314.0000	86.2267
1313.0000	86.2494
1312.0000	86.276
1311.0000	86.3016
1310.0000	86.3203
1309.0000	86.3315
1308.0000	86.3493
1307.0000	86.3694
1306.0000	86.3861
1305.0000	86.4038
1304.0000	86.4185
1303.0000	86.4384
1302.0000	86.4658
1301.0000	86.4826
1300.0000	86.4965
1299.0000	86.5123
1298.0000	86.5311
1297.0000	86.5539
1296.0000	86.5732
1295.0000	86.5904
1294.0000	86.6065
1293.0000	86.6309
1292.0000	86.6522
1291.0000	86.6715
1290.0000	86.685
1289.0000	86.7021
1288.0000	86.7267
1287.0000	86.7466
1286.0000	86.7636
1285.0000	86.7787
1284.0000	86.7968
1283.0000	86.8186
1282.0000	86.841
1281.0000	86.8558
1280.0000	86.8711
1279.0000	86.8919
1278.0000	86.9149
1277.0000	86.9351
1276.0000	86.9496
1275.0000	86.9621
1274.0000	86.9797
1273.0000	86.9978
1272.0000	87.0167
1271.0000	87.033
1270.0000	87.0512
1269.0000	87.0737
1268.0000	87.1051
1267.0000	87.1272
1266.0000	87.1423
1265.0000	87.1586
1264.0000	87.1801
1263.0000	87.2069
1262.0000	87.2256
1261.0000	87.2445
1260.0000	87.2656
1259.0000	87.2846
1258.0000	87.302
1257.0000	87.3174
1256.0000	87.3269
1255.0000	87.3374
1254.0000	87.3598
1253.0000	87.3868
1252.0000	87.4048
1251.0000	87.4212
1250.0000	87.4415
1249.0000	87.4649
1248.0000	87.4851
1247.0000	87.5022
1246.0000	87.5143
1245.0000	87.5309
1244.0000	87.5542
1243.0000	87.5787
1242.0000	87.5967
1241.0000	87.6141
1240.0000	87.6306
1239.0000	87.652
1238.0000	87.6718
1237.0000	87.6844
1236.0000	87.6979
1235.0000	87.7166
1234.0000	87.7387
1233.0000	87.7631
1232.0000	87.7835
1231.0000	87.7997
1230.0000	87.8197
1229.0000	87.8433
1228.0000	87.8631
1227.0000	87.8725
1226.0000	87.8841
1225.0000	87.9044
1224.0000	87.9333
1223.0000	87.9534
1222.0000	87.9725
1221.0000	87.9962
1220.0000	88.0164
1219.0000	88.0413
1218.0000	88.0577
1217.0000	88.0658
1216.0000	88.0831
1215.0000	88.1067
1214.0000	88.1361
1213.0000	88.1557
1212.0000	88.1733
1211.0000	88.1897
1210.0000	88.2109
1209.0000	88.2291
1208.0000	88.2394
1207.0000	88.2519
1206.0000	88.2759
1205.0000	88.3093
1204.0000	88.3387
1203.0000	88.3561
1202.0000	88.3682
1201.0000	88.3832
1200.0000	88.3985
1199.0000	88.4064
1198.0000	88.4248
1197.0000	88.4487
1196.0000	88.4752
1195.0000	88.5031
1194.0000	88.5243
1193.0000	88.5459
1192.0000	88.5752
1191.0000	88.597
1190.0000	88.6103
1189.0000	88.6318
1188.0000	88.6573
1187.0000	88.6953
1186.0000	88.7353
1185.0000	88.7583
1184.0000	88.7761
1183.0000	88.8005
1182.0000	88.8226
1181.0000	88.8474
1180.0000	88.8752
1179.0000	88.8982
1178.0000	88.9276
1177.0000	88.962
1176.0000	88.9813
1175.0000	88.996
1174.0000	89.0114
1173.0000	89.0317
1172.0000	89.0611
1171.0000	89.0916
1170.0000	89.1167
1169.0000	89.14
1168.0000	89.1635
1167.0000	89.1882
1166.0000	89.204
1165.0000	89.2216
1164.0000	89.2429
1163.0000	89.2748
1162.0000	89.3109
1161.0000	89.336
1160.0000	89.3509
1159.0000	89.3734
1158.0000	89.3936
1157.0000	89.4174
1156.0000	89.4415
1155.0000	89.4662
1154.0000	89.491
1153.0000	89.5293
1152.0000	89.5595
1151.0000	89.5795
1150.0000	89.5924
1149.0000	89.6119
1148.0000	89.6409
1147.0000	89.6737
1146.0000	89.7018
1145.0000	89.7271
1144.0000	89.7535
1143.0000	89.7819
1142.0000	89.8032
1141.0000	89.8195
1140.0000	89.8369
1139.0000	89.8627
1138.0000	89.8967
1137.0000	89.9333
1136.0000	89.9513
1135.0000	89.9747
1134.0000	89.9975
1133.0000	90.0222
1132.0000	90.0411
1131.0000	90.0639
1130.0000	90.0921
1129.0000	90.1253
1128.0000	90.1655
1127.0000	90.1893
1126.0000	90.2075
1125.0000	90.2233
1124.0000	90.2468
1123.0000	90.2806
1122.0000	90.3072
1121.0000	90.3361
1120.0000	90.3616
1119.0000	90.3914
1118.0000	90.4153
1117.0000	90.429
1116.0000	90.4419
1115.0000	90.4619
1114.0000	90.4966
1113.0000	90.5327
1112.0000	90.5613
1111.0000	90.5842
1110.0000	90.6054
1109.0000	90.6303
1108.0000	90.6552
1107.0000	90.6781
1106.0000	90.7
1105.0000	90.7293
1104.0000	90.7681
1103.0000	90.8026
1102.0000	90.822
1101.0000	90.8364
1100.0000	90.856
1099.0000	90.8797
1098.0000	90.9114
1097.0000	90.9428
1096.0000	90.9632
1095.0000	90.9917
1094.0000	91.0216
1093.0000	91.0438
1092.0000	91.0601
1091.0000	91.0739
1090.0000	91.0966
1089.0000	91.1275
1088.0000	91.1594
1087.0000	91.1894
1086.0000	91.2065
1085.0000	91.2248
1084.0000	91.2453
1083.0000	91.2659
1082.0000	91.2856
1081.0000	91.3074
1080.0000	91.3378
1079.0000	91.3725
1078.0000	91.4039
1077.0000	91.4227
1076.0000	91.4381
1075.0000	91.4576
1074.0000	91.4825
1073.0000	91.5152
1072.0000	91.547
1071.0000	91.5695
1070.0000	91.5958
1069.0000	91.6237
1068.0000	91.6462
1067.0000	91.6576
1066.0000	91.6748
1065.0000	91.6988
1064.0000	91.7325
1063.0000	91.7685
1062.0000	91.7911
1061.0000	91.8016
1060.0000	91.8223
1059.0000	91.8411
1058.0000	91.8592
1057.0000	91.8781
1056.0000	91.8995
1055.0000	91.9325
1054.0000	91.9647
1053.0000	91.9932
1052.0000	92.0032
1051.0000	92.0174
1050.0000	92.0354
1049.0000	92.0582
1048.0000	92.0824
1047.0000	92.1058
1046.0000	92.131
1045.0000	92.1548
1044.0000	92.1822
1043.0000	92.2041
1042.0000	92.2083
1041.0000	92.2222
1040.0000	92.2449
1039.0000	92.2758
1038.0000	92.3056
1037.0000	92.3227
1036.0000	92.3419
1035.0000	92.3639
1034.0000	92.3854
1033.0000	92.4045
1032.0000	92.4194
1031.0000	92.4387
1030.0000	92.4651
1029.0000	92.5036
1028.0000	92.5281
1027.0000	92.5398
1026.0000	92.5556
1025.0000	92.5687
1024.0000	92.5912
1023.0000	92.6155
1022.0000	92.6415
1021.0000	92.6579
1020.0000	92.6838
1019.0000	92.7178
1018.0000	92.7286
1017.0000	92.7345
1016.0000	92.7445
1015.0000	92.7664
1014.0000	92.7988
1013.0000	92.8236
1012.0000	92.8469
1011.0000	92.8629
1010.0000	92.8809
1009.0000	92.8972
1008.0000	92.9084
1007.0000	92.9216
1006.0000	92.9344
1005.0000	92.9648
1004.0000	92.9965
1003.0000	93.0154
1002.0000	93.0226
1001.0000	93.0293
1000.0000	93.0462
999.0000	93.0652
998.0000	93.0861
997.0000	93.1092
996.0000	93.1286
995.0000	93.1544
994.0000	93.1732
993.0000	93.1843
992.0000	93.1847
991.0000	93.1981
990.0000	93.2219
989.0000	93.2437
988.0000	93.2641
987.0000	93.275
986.0000	93.2909
985.0000	93.3041
984.0000	93.3159
983.0000	93.3213
982.0000	93.3328
981.0000	93.3503
980.0000	93.3764
979.0000	93.3998
978.0000	93.411
977.0000	93.4153
976.0000	93.4265
975.0000	93.4416
974.0000	93.4582
973.0000	93.4701
972.0000	93.4832
971.0000	93.4974
970.0000	93.5213
969.0000	93.5345
968.0000	93.5369
967.0000	93.5387
966.0000	93.5515
965.0000	93.5692
964.0000	93.5898
963.0000	93.6026
962.0000	93.6101
961.0000	93.621
960.0000	93.6322
959.0000	93.6372
958.0000	93.6352
957.0000	93.6446
956.0000	93.6597
955.0000	93.6763
954.0000	93.6944
953.0000	93.7017
952.0000	93.7043
951.0000	93.7095
950.0000	93.7173
949.0000	93.7244
948.0000	93.7283
947.0000	93.7379
946.0000	93.7588
945.0000	93.7729
944.0000	93.7807
943.0000	93.7788
942.0000	93.7786
941.0000	93.7841
940.0000	93.7982
939.0000	93.8119
938.0000	93.8195
937.0000	93.8223
936.0000	93.8334
935.0000	93.8387
934.0000	93.8384
933.0000	93.8301
932.0000	93.8307
931.0000	93.8364
930.0000	93.8492
929.0000	93.8564
928.0000	93.8486
927.0000	93.8396
926.0000	93.8386
925.0000	93.8373
924.0000	93.8376
923.0000	93.8344
922.0000	93.8408
921.0000	93.8491
920.0000	93.8544
919.0000	93.859
918.0000	93.8498
917.0000	93.8353
916.0000	93.8375
915.0000	93.8458
914.0000	93.8454
913.0000	93.8422
912.0000	93.8438
911.0000	93.8341
910.0000	93.8383
909.0000	93.8364
908.0000	93.8241
907.0000	93.8107
906.0000	93.8118
905.0000	93.8167
904.0000	93.8188
903.0000	93.8023
902.0000	93.7912
901.0000	93.7844
900.0000	93.7797
899.0000	93.7685
898.0000	93.7552
897.0000	93.7452
896.0000	93.7403
895.0000	93.7303
894.0000	93.7217
893.0000	93.7069
892.0000	93.6926
891.0000	93.6909
890.0000	93.6846
889.0000	93.6782
888.0000	93.6711
887.0000	93.6495
886.0000	93.645
885.0000	93.6437
884.0000	93.6137
883.0000	93.5909
882.0000	93.5904
881.0000	93.5787
880.0000	93.5717
879.0000	93.5539
878.0000	93.5376
877.0000	93.5122
876.0000	93.4845
875.0000	93.4687
874.0000	93.4455
873.0000	93.4293
872.0000	93.4168
871.0000	93.4134
870.0000	93.3998
869.0000	93.3685
868.0000	93.3408
867.0000	93.317
866.0000	93.3039
865.0000	93.295
864.0000	93.2734
863.0000	93.2592
862.0000	93.2405
861.0000	93.2169
860.0000	93.1941
859.0000	93.1658
858.0000	93.1264
857.0000	93.0905
856.0000	93.088
855.0000	93.0634
854.0000	93.0397
853.0000	93.0121
852.0000	92.9729
851.0000	92.9551
850.0000	92.7253
849.0000	92.6961
848.0000	92.6626
847.0000	92.6345
846.0000	92.604
845.0000	92.5824
844.0000	92.5492
843.0000	92.5104
842.0000	92.4672
841.0000	92.4291
840.0000	92.4029
839.0000	92.3644
838.0000	92.3321
837.0000	92.304
836.0000	92.2717
835.0000	92.2397
834.0000	92.208
833.0000	92.1632
832.0000	92.1245
831.0000	92.089
830.0000	92.0591
829.0000	92.0331
828.0000	91.9998
827.0000	91.9607
826.0000	91.9262
825.0000	91.8869
824.0000	91.8395
823.0000	91.8026
822.0000	91.7702
821.0000	91.7374
820.0000	91.7095
819.0000	91.6716
818.0000	91.6274
817.0000	91.5775
816.0000	91.5373
815.0000	91.4925
814.0000	91.4473
813.0000	91.4042
812.0000	91.3703
811.0000	91.3364
810.0000	91.293
809.0000	91.2437
808.0000	91.1909
807.0000	91.142
806.0000	91.1048
805.0000	91.0645
804.0000	91.0259
803.0000	90.9848
802.0000	90.9391
801.0000	90.8952
800.0000	90.8496
799.0000	90.7856
798.0000	90.7287
797.0000	90.6874
796.0000	90.6473
795.0000	90.5964
794.0000	90.5436
793.0000	90.4905
792.0000	90.4373
791.0000	90.3805
790.0000	90.3271
789.0000	90.2667
788.0000	90.2188
787.0000	90.1756
786.0000	90.1303
785.0000	90.0778
784.0000	90.0132
783.0000	89.9517
782.0000	89.894
781.0000	89.8474
780.0000	89.7954
779.0000	89.7351
778.0000	89.6845
777.0000	89.632
776.0000	89.5817
775.0000	89.5216
774.0000	89.4536
773.0000	89.3908
772.0000	89.3382
771.0000	89.291
770.0000	89.2406
769.0000	89.1861
768.0000	89.1174
767.0000	89.0562
766.0000	89.0023
765.0000	88.9446
764.0000	88.8851
763.0000	88.8254
762.0000	88.7764
761.0000	88.7255
760.0000	88.6731
759.0000	88.6166
758.0000	88.5457
757.0000	88.4809
756.0000	88.4282
755.0000	88.3831
754.0000	88.3328
753.0000	88.2788
752.0000	88.2133
751.0000	88.1524
750.0000	88.0925
749.0000	88.0226
748.0000	87.9576
747.0000	87.8908
746.0000	87.8369
745.0000	87.785
744.0000	87.7279
743.0000	87.6629
742.0000	87.5831
741.0000	87.5079
740.0000	87.4921
739.0000	87.4369
738.0000	87.3738
737.0000	87.3061
736.0000	87.2301
735.0000	87.1621
734.0000	87.1095
733.0000	87.0497
732.0000	86.9838
731.0000	86.9177
730.0000	86.864
729.0000	86.8042
728.0000	86.7375
727.0000	86.6663
726.0000	86.5993
725.0000	86.5402
724.0000	86.489
723.0000	86.4354
722.0000	86.3691
721.0000	86.3041
720.0000	86.2451
719.0000	86.1853
718.0000	86.1234
717.0000	86.0571
716.0000	85.9978
715.0000	85.949
714.0000	85.8987
713.0000	85.8397
712.0000	85.7764
711.0000	85.7102
710.0000	85.6481
709.0000	85.5923
708.0000	85.5377
707.0000	85.4736
706.0000	85.4178
705.0000	85.3633
704.0000	85.305
703.0000	85.2385
702.0000	85.1684
701.0000	85.1036
700.0000	85.0461
699.0000	84.9954
698.0000	84.9325
697.0000	84.8639
696.0000	84.8013
695.0000	84.7362
694.0000	84.6695
693.0000	84.6024
692.0000	84.5432
691.0000	84.4828
690.0000	84.4351
689.0000	84.391
688.0000	84.3338
687.0000	84.2734
686.0000	84.219
685.0000	84.1754
684.0000	84.1346
683.0000	84.0998
682.0000	84.0543
681.0000	84.0127
680.0000	83.9784
679.0000	83.9362
678.0000	83.8811
677.0000	83.8253
676.0000	83.7783
675.0000	83.7354
674.0000	83.6996
673.0000	83.6603
672.0000	83.6066
671.0000	83.5545
670.0000	83.5071
669.0000	83.4628
668.0000	83.415
667.0000	83.3683
666.0000	83.329
665.0000	83.298
664.0000	83.2717
663.0000	83.2312
662.0000	83.1806
661.0000	83.1329
660.0000	83.0934
659.0000	83.0605
658.0000	83.0307
657.0000	82.9969
656.0000	82.9637
655.0000	82.9344
654.0000	82.905
653.0000	82.868
652.0000	82.8227
651.0000	82.7877
650.0000	82.7617
649.0000	82.7438
648.0000	82.7232
647.0000	82.6952
646.0000	82.6584
645.0000	82.6299
644.0000	82.6033
643.0000	82.5744
642.0000	82.5475
641.0000	82.5215
640.0000	82.5038
639.0000	82.493
638.0000	82.4761
637.0000	82.4472
636.0000	82.4209
635.0000	82.399
634.0000	82.3855
633.0000	82.3809
632.0000	82.3683
631.0000	82.3541
630.0000	82.3444
629.0000	82.3385
628.0000	82.3282
627.0000	82.3119
626.0000	82.2994
625.0000	82.2936
624.0000	82.2993
623.0000	82.3071
622.0000	82.3047
621.0000	82.2931
620.0000	82.2882
619.0000	82.2874
618.0000	82.2904
617.0000	82.2955
616.0000	82.2981
615.0000	82.306
614.0000	82.323
613.0000	82.3348
612.0000	82.34
611.0000	82.34
610.0000	82.3456
609.0000	82.3597
608.0000	82.3813
607.0000	82.4059
606.0000	82.424
605.0000	82.4374
604.0000	82.4548
603.0000	82.474
602.0000	82.4892
601.0000	82.5099
600.0000	82.56
599.0000	82.5858
598.0000	82.6036
597.0000	82.6264
596.0000	82.6582
595.0000	82.701
594.0000	82.7466
593.0000	82.7843
592.0000	82.8155
591.0000	82.8517
590.0000	82.8936
589.0000	82.9395
588.0000	82.9813
587.0000	83.0269
586.0000	83.0778
585.0000	83.135
584.0000	83.1972
583.0000	83.248
582.0000	83.2948
581.0000	83.3415
580.0000	83.4038
579.0000	83.4716
578.0000	83.5398
577.0000	83.6025
576.0000	83.662
575.0000	83.7282
574.0000	83.7928
573.0000	83.8564
572.0000	83.9195
571.0000	83.9863
570.0000	84.0613
569.0000	84.1434
568.0000	84.2231
567.0000	84.2944
566.0000	84.363
565.0000	84.434
564.0000	84.5118
563.0000	84.6003
562.0000	84.6833
561.0000	84.767
560.0000	84.8527
559.0000	84.9439
558.0000	85.0291
557.0000	85.1093
556.0000	85.1901
555.0000	85.28
554.0000	85.3766
553.0000	85.4839
552.0000	85.5873
551.0000	85.6782
550.0000	85.7731
549.0000	85.8729
548.0000	85.9748
547.0000	86.0811
546.0000	86.1879
545.0000	86.2954
544.0000	86.4113
543.0000	86.5307
542.0000	86.6388
541.0000	86.7452
540.0000	86.8467
539.0000	86.9549
538.0000	87.0793
537.0000	87.2056
536.0000	87.3238
535.0000	87.4386
534.0000	87.5618
533.0000	87.6783
532.0000	87.797
531.0000	87.9145
530.0000	88.0274
529.0000	88.148
528.0000	88.2812
527.0000	88.4123
526.0000	88.5329
525.0000	88.645
524.0000	88.756
523.0000	88.8735
522.0000	88.9979
521.0000	89.1176
520.0000	89.2375
519.0000	89.352
518.0000	89.4698
517.0000	89.5805
516.0000	89.6965
515.0000	89.8243
514.0000	89.9436
513.0000	90.0535
512.0000	90.156
511.0000	90.2569
510.0000	90.3634
509.0000	90.4792
508.0000	90.5902
507.0000	90.6957
506.0000	90.8006
505.0000	90.9028
504.0000	91.0038
503.0000	91.1014
502.0000	91.1914
501.0000	91.2822
500.0000	91.381
499.0000	91.485
498.0000	91.5839
497.0000	91.6709
496.0000	91.7476
495.0000	91.8257
494.0000	91.9088
493.0000	91.9891
492.0000	92.0692
491.0000	92.1392
490.0000	92.2117
489.0000	92.2843
488.0000	92.3485
487.0000	92.4048
486.0000	92.4492
485.0000	92.4918
484.0000	92.5443
483.0000	92.5986
482.0000	92.6425
481.0000	92.6744
480.0000	92.6979
479.0000	92.7147
478.0000	92.7359
477.0000	92.7514
476.0000	92.758
475.0000	92.76
474.0000	92.7619
473.0000	92.7629
472.0000	92.7547
471.0000	92.7358
470.0000	92.6998
469.0000	92.6611
468.0000	92.6357
467.0000	92.6048
466.0000	92.5718
465.0000	92.5249
464.0000	92.4664
463.0000	92.4031
462.0000	92.3445
461.0000	92.2718
460.0000	92.193
459.0000	92.113
458.0000	92.0325
457.0000	91.9578
456.0000	91.8758
455.0000	91.772
454.0000	91.6567
453.0000	91.5401
452.0000	91.4252
451.0000	91.3107
450.0000	91.1953
449.0000	91.0668
448.0000	90.93
447.0000	90.7945
446.0000	90.6535
445.0000	90.4966
444.0000	90.3303
443.0000	90.1628
442.0000	90.0006
441.0000	89.8418
440.0000	89.6775
439.0000	89.4958
438.0000	89.3027
437.0000	89.1115
436.0000	88.919
435.0000	88.7236
434.0000	88.5233
433.0000	88.3167
432.0000	88.1135
431.0000	87.9081
430.0000	87.7024
429.0000	87.4855
428.0000	87.2586
427.0000	87.0368
426.0000	86.8234
425.0000	86.6198
424.0000	86.412
423.0000	86.1975
422.0000	85.9813
421.0000	85.7688
420.0000	85.5423
419.0000	85.346
418.0000	85.1581
417.0000	84.9572
416.0000	84.7497
415.0000	84.5446
414.0000	84.3544
413.0000	84.1705
412.0000	83.9887
411.0000	83.8029
410.0000	83.6107
409.0000	83.4279
408.0000	83.2476
407.0000	83.0728
406.0000	82.895
405.0000	82.7283
404.0000	82.5672
403.0000	82.416
402.0000	82.2718
401.0000	82.1175
400.0000	81.9711
399.0000	81.8268
398.0000	81.6984
397.0000	81.5794
396.0000	81.4679
395.0000	81.3607
394.0000	81.2528
393.0000	81.1558
392.0000	81.0707
391.0000	80.9912
390.0000	80.9196
389.0000	80.8557
388.0000	80.7991
387.0000	80.7664
386.0000	80.7474
385.0000	80.723
384.0000	80.7062
383.0000	80.6925
382.0000	80.7008
381.0000	80.7281
380.0000	80.7655
379.0000	80.802
378.0000	80.8499
377.0000	80.9136
376.0000	80.9889
375.0000	81.0697
374.0000	81.156
373.0000	81.2543
372.0000	81.3631
371.0000	81.4932
370.0000	81.3283
369.0000	81.4726
368.0000	81.6275
367.0000	81.8043
366.0000	81.9846
365.0000	82.179
364.0000	82.3782
363.0000	82.5872
362.0000	82.7983
361.0000	83.0286
360.0000	83.2508
359.0000	83.4774
358.0000	83.7236
357.0000	83.9793
356.0000	84.2467
355.0000	84.5069
354.0000	84.7675
353.0000	85.0257
352.0000	85.2981
351.0000	85.5751
350.0000	85.858
349.0000	86.1386
348.0000	86.4246
347.0000	86.7144
346.0000	86.9962
345.0000	87.2639
344.0000	87.5257
343.0000	87.7854
342.0000	88.0574
341.0000	88.3015
340.0000	88.6227
339.0000	88.8391
338.0000	89.0564
337.0000	89.2466
336.0000	89.4165
335.0000	89.5751
334.0000	89.7133
333.0000	89.8279
332.0000	89.908
331.0000	89.9498
330.0000	89.9663
329.0000	89.9684
328.0000	89.9418
327.0000	89.8831
326.0000	89.7908
325.0000	89.6557
324.0000	89.492
323.0000	89.303
322.0000	89.0832
321.0000	88.8203
320.0000	88.5377
319.0000	88.2317
318.0000	87.9021
317.0000	87.5387
316.0000	87.143
315.0000	86.7291
314.0000	86.2867
313.0000	85.8401
312.0000	85.3792
311.0000	84.9058
310.0000	84.4158
309.0000	83.9122
308.0000	83.3981
307.0000	82.8788
306.0000	82.3519
305.0000	81.8184
304.0000	81.2913
303.0000	80.78
302.0000	80.2641
301.0000	79.7612
300.0000	79.2621
299.0000	78.7657
298.0000	78.2835
297.0000	77.8297
296.0000	77.4003
295.0000	76.9935
294.0000	76.6081
293.0000	76.2478
292.0000	75.918
291.0000	75.6251
290.0000	75.3577
289.0000	75.1272
288.0000	74.93
287.0000	74.7848
286.0000	74.6871
285.0000	74.6311
284.0000	74.6124
283.0000	74.6261
282.0000	74.6812
281.0000	74.7822
280.0000	74.9293
279.0000	75.1113
278.0000	75.3345
277.0000	75.5865
276.0000	75.8798
275.0000	76.1977
274.0000	76.5298
273.0000	76.8631
272.0000	77.2136
271.0000	77.5685
270.0000	77.925
269.0000	78.2688
268.0000	78.592
267.0000	78.8735
266.0000	79.1191
265.0000	79.3086
264.0000	79.4366
263.0000	79.498
262.0000	79.4753
261.0000	79.3716
260.0000	79.1865
259.0000	78.9051
258.0000	78.5132
257.0000	78.0136
256.0000	77.4137
255.0000	76.7192
254.0000	75.9439
253.0000	75.0877
252.0000	74.1583
251.0000	73.1588
250.0000	72.1139
249.0000	71.04
248.0000	69.9446
247.0000	68.8478
246.0000	67.7653
245.0000	66.7159
244.0000	65.7299
243.0000	64.8019
242.0000	63.9376
241.0000	63.1598
240.0000	62.4669
239.0000	61.8801
238.0000	61.4106
237.0000	61.0504
236.0000	60.7912
235.0000	60.6365
234.0000	60.575
233.0000	60.5883
232.0000	60.6558
231.0000	60.751
230.0000	60.8393
229.0000	60.8958
228.0000	60.8784
227.0000	60.7387
226.0000	60.4276
225.0000	59.9069
224.0000	59.1452
223.0000	58.1245
222.0000	56.845
221.0000	55.3014
220.0000	53.5158
219.0000	51.5227
218.0000	49.3581
217.0000	47.062
216.0000	44.6724
215.0000	42.2348
214.0000	39.7841
213.0000	37.3528
212.0000	34.9676
211.0000	32.631
210.0000	30.3479
209.0000	28.1182
208.0000	25.9405
207.0000	23.8178
206.0000	21.7515
205.0000	19.7406
204.0000	17.8001
203.0000	15.9314
202.0000	14.1441
201.0000	12.459
200.0000	10.8704
199.0000	9.39973
198.0000	8.05973
197.0000	6.8445
196.0000	5.79801
195.0000	4.92097
194.0000	4.26493
193.0000	3.94361
192.0000	4.19573
191.0000	5.52975
190.0000	7.78581
